1	1	FTDALS1.chr9.027573483.	0.5
2	2	FTDALS1.chr9.027573483.	0.5
3	3	FTDALS1.chr9.027573483.	0.5
4	4	FTDALS1.chr9.027573483.	0.5
5	5	FTDALS1.chr9.027573483.	0.5
6	6	FTDALS1.chr9.027573483.	0.5
7	7	FTDALS1.chr9.027573483.	0.5
8	8	FTDALS1.chr9.027573483.	0.5
9	9	FTDALS1.chr9.027573483.	0.5
10	10	FTDALS1.chr9.027573483.	0.5
1	11	FTDALS1.chr9.027573483.	1
2	12	FTDALS1.chr9.027573483.	1
3	13	FTDALS1.chr9.027573483.	1
4	14	FTDALS1.chr9.027573483.	1
5	15	FTDALS1.chr9.027573483.	1
6	16	FTDALS1.chr9.027573483.	1
7	17	FTDALS1.chr9.027573483.	1
8	18	FTDALS1.chr9.027573483.	1
9	19	FTDALS1.chr9.027573483.	1
10	20	FTDALS1.chr9.027573483.	1
1	21	FTDALS1.chr9.027573483.	2
2	22	FTDALS1.chr9.027573483.	2
3	23	FTDALS1.chr9.027573483.	2
4	24	FTDALS1.chr9.027573483.	2
5	25	FTDALS1.chr9.027573483.	2
6	26	FTDALS1.chr9.027573483.	2
7	27	FTDALS1.chr9.027573483.	2
8	28	FTDALS1.chr9.027573483.	2
9	29	FTDALS1.chr9.027573483.	2
10	30	FTDALS1.chr9.027573483.	2
1	31	FTDALS1.chr9.027573483.	5
2	32	FTDALS1.chr9.027573483.	5
3	33	FTDALS1.chr9.027573483.	5
4	34	FTDALS1.chr9.027573483.	5
5	35	FTDALS1.chr9.027573483.	5
6	36	FTDALS1.chr9.027573483.	5
7	37	FTDALS1.chr9.027573483.	5
8	38	FTDALS1.chr9.027573483.	5
9	39	FTDALS1.chr9.027573483.	5
10	40	FTDALS1.chr9.027573483.	5
1	41	HDL2.chr16.087637889.	0.5
2	42	HDL2.chr16.087637889.	0.5
3	43	HDL2.chr16.087637889.	0.5
4	44	HDL2.chr16.087637889.	0.5
5	45	HDL2.chr16.087637889.	0.5
6	46	HDL2.chr16.087637889.	0.5
7	47	HDL2.chr16.087637889.	0.5
8	48	HDL2.chr16.087637889.	0.5
9	49	HDL2.chr16.087637889.	0.5
10	50	HDL2.chr16.087637889.	0.5
1	51	HDL2.chr16.087637889.	1
2	52	HDL2.chr16.087637889.	1
3	53	HDL2.chr16.087637889.	1
4	54	HDL2.chr16.087637889.	1
5	55	HDL2.chr16.087637889.	1
6	56	HDL2.chr16.087637889.	1
7	57	HDL2.chr16.087637889.	1
8	58	HDL2.chr16.087637889.	1
9	59	HDL2.chr16.087637889.	1
10	60	HDL2.chr16.087637889.	1
1	61	HDL2.chr16.087637889.	2
2	62	HDL2.chr16.087637889.	2
3	63	HDL2.chr16.087637889.	2
4	64	HDL2.chr16.087637889.	2
5	65	HDL2.chr16.087637889.	2
6	66	HDL2.chr16.087637889.	2
7	67	HDL2.chr16.087637889.	2
8	68	HDL2.chr16.087637889.	2
9	69	HDL2.chr16.087637889.	2
10	70	HDL2.chr16.087637889.	2
1	71	HDL2.chr16.087637889.	5
2	72	HDL2.chr16.087637889.	5
3	73	HDL2.chr16.087637889.	5
4	74	HDL2.chr16.087637889.	5
5	75	HDL2.chr16.087637889.	5
6	76	HDL2.chr16.087637889.	5
7	77	HDL2.chr16.087637889.	5
8	78	HDL2.chr16.087637889.	5
9	79	HDL2.chr16.087637889.	5
10	80	HDL2.chr16.087637889.	5
1	81	SCA1.chr6.016327865.	0.5
2	82	SCA1.chr6.016327865.	0.5
3	83	SCA1.chr6.016327865.	0.5
4	84	SCA1.chr6.016327865.	0.5
5	85	SCA1.chr6.016327865.	0.5
6	86	SCA1.chr6.016327865.	0.5
7	87	SCA1.chr6.016327865.	0.5
8	88	SCA1.chr6.016327865.	0.5
9	89	SCA1.chr6.016327865.	0.5
10	90	SCA1.chr6.016327865.	0.5
1	91	SCA1.chr6.016327865.	1
2	92	SCA1.chr6.016327865.	1
3	93	SCA1.chr6.016327865.	1
4	94	SCA1.chr6.016327865.	1
5	95	SCA1.chr6.016327865.	1
6	96	SCA1.chr6.016327865.	1
7	97	SCA1.chr6.016327865.	1
8	98	SCA1.chr6.016327865.	1
9	99	SCA1.chr6.016327865.	1
10	100	SCA1.chr6.016327865.	1
1	101	SCA1.chr6.016327865.	2
2	102	SCA1.chr6.016327865.	2
3	103	SCA1.chr6.016327865.	2
4	104	SCA1.chr6.016327865.	2
5	105	SCA1.chr6.016327865.	2
6	106	SCA1.chr6.016327865.	2
7	107	SCA1.chr6.016327865.	2
8	108	SCA1.chr6.016327865.	2
9	109	SCA1.chr6.016327865.	2
10	110	SCA1.chr6.016327865.	2
1	111	SCA1.chr6.016327865.	5
2	112	SCA1.chr6.016327865.	5
3	113	SCA1.chr6.016327865.	5
4	114	SCA1.chr6.016327865.	5
5	115	SCA1.chr6.016327865.	5
6	116	SCA1.chr6.016327865.	5
7	117	SCA1.chr6.016327865.	5
8	118	SCA1.chr6.016327865.	5
9	119	SCA1.chr6.016327865.	5
10	120	SCA1.chr6.016327865.	5
1	121	SCA6.chr19.013318673.	0.5
2	122	SCA6.chr19.013318673.	0.5
3	123	SCA6.chr19.013318673.	0.5
4	124	SCA6.chr19.013318673.	0.5
5	125	SCA6.chr19.013318673.	0.5
6	126	SCA6.chr19.013318673.	0.5
7	127	SCA6.chr19.013318673.	0.5
8	128	SCA6.chr19.013318673.	0.5
9	129	SCA6.chr19.013318673.	0.5
10	130	SCA6.chr19.013318673.	0.5
1	131	SCA6.chr19.013318673.	1
2	132	SCA6.chr19.013318673.	1
3	133	SCA6.chr19.013318673.	1
4	134	SCA6.chr19.013318673.	1
5	135	SCA6.chr19.013318673.	1
6	136	SCA6.chr19.013318673.	1
7	137	SCA6.chr19.013318673.	1
8	138	SCA6.chr19.013318673.	1
9	139	SCA6.chr19.013318673.	1
10	140	SCA6.chr19.013318673.	1
1	141	SCA6.chr19.013318673.	2
2	142	SCA6.chr19.013318673.	2
3	143	SCA6.chr19.013318673.	2
4	144	SCA6.chr19.013318673.	2
5	145	SCA6.chr19.013318673.	2
6	146	SCA6.chr19.013318673.	2
7	147	SCA6.chr19.013318673.	2
8	148	SCA6.chr19.013318673.	2
9	149	SCA6.chr19.013318673.	2
10	150	SCA6.chr19.013318673.	2
1	151	SCA6.chr19.013318673.	5
2	152	SCA6.chr19.013318673.	5
3	153	SCA6.chr19.013318673.	5
4	154	SCA6.chr19.013318673.	5
5	155	SCA6.chr19.013318673.	5
6	156	SCA6.chr19.013318673.	5
7	157	SCA6.chr19.013318673.	5
8	158	SCA6.chr19.013318673.	5
9	159	SCA6.chr19.013318673.	5
10	160	SCA6.chr19.013318673.	5
1	161	SCA7.chr3.063898361.	0.5
2	162	SCA7.chr3.063898361.	0.5
3	163	SCA7.chr3.063898361.	0.5
4	164	SCA7.chr3.063898361.	0.5
5	165	SCA7.chr3.063898361.	0.5
6	166	SCA7.chr3.063898361.	0.5
7	167	SCA7.chr3.063898361.	0.5
8	168	SCA7.chr3.063898361.	0.5
9	169	SCA7.chr3.063898361.	0.5
10	170	SCA7.chr3.063898361.	0.5
1	171	SCA7.chr3.063898361.	1
2	172	SCA7.chr3.063898361.	1
3	173	SCA7.chr3.063898361.	1
4	174	SCA7.chr3.063898361.	1
5	175	SCA7.chr3.063898361.	1
6	176	SCA7.chr3.063898361.	1
7	177	SCA7.chr3.063898361.	1
8	178	SCA7.chr3.063898361.	1
9	179	SCA7.chr3.063898361.	1
10	180	SCA7.chr3.063898361.	1
1	181	SCA7.chr3.063898361.	2
2	182	SCA7.chr3.063898361.	2
3	183	SCA7.chr3.063898361.	2
4	184	SCA7.chr3.063898361.	2
5	185	SCA7.chr3.063898361.	2
6	186	SCA7.chr3.063898361.	2
7	187	SCA7.chr3.063898361.	2
8	188	SCA7.chr3.063898361.	2
9	189	SCA7.chr3.063898361.	2
10	190	SCA7.chr3.063898361.	2
1	191	SCA7.chr3.063898361.	5
2	192	SCA7.chr3.063898361.	5
3	193	SCA7.chr3.063898361.	5
4	194	SCA7.chr3.063898361.	5
5	195	SCA7.chr3.063898361.	5
6	196	SCA7.chr3.063898361.	5
7	197	SCA7.chr3.063898361.	5
8	198	SCA7.chr3.063898361.	5
9	199	SCA7.chr3.063898361.	5
10	200	SCA7.chr3.063898361.	5
1	201	SCA10.chr22.046191235.	0.5
2	202	SCA10.chr22.046191235.	0.5
3	203	SCA10.chr22.046191235.	0.5
4	204	SCA10.chr22.046191235.	0.5
5	205	SCA10.chr22.046191235.	0.5
6	206	SCA10.chr22.046191235.	0.5
7	207	SCA10.chr22.046191235.	0.5
8	208	SCA10.chr22.046191235.	0.5
9	209	SCA10.chr22.046191235.	0.5
10	210	SCA10.chr22.046191235.	0.5
1	211	SCA10.chr22.046191235.	1
2	212	SCA10.chr22.046191235.	1
3	213	SCA10.chr22.046191235.	1
4	214	SCA10.chr22.046191235.	1
5	215	SCA10.chr22.046191235.	1
6	216	SCA10.chr22.046191235.	1
7	217	SCA10.chr22.046191235.	1
8	218	SCA10.chr22.046191235.	1
9	219	SCA10.chr22.046191235.	1
10	220	SCA10.chr22.046191235.	1
1	221	SCA10.chr22.046191235.	2
2	222	SCA10.chr22.046191235.	2
3	223	SCA10.chr22.046191235.	2
4	224	SCA10.chr22.046191235.	2
5	225	SCA10.chr22.046191235.	2
6	226	SCA10.chr22.046191235.	2
7	227	SCA10.chr22.046191235.	2
8	228	SCA10.chr22.046191235.	2
9	229	SCA10.chr22.046191235.	2
10	230	SCA10.chr22.046191235.	2
1	231	SCA10.chr22.046191235.	5
2	232	SCA10.chr22.046191235.	5
3	233	SCA10.chr22.046191235.	5
4	234	SCA10.chr22.046191235.	5
5	235	SCA10.chr22.046191235.	5
6	236	SCA10.chr22.046191235.	5
7	237	SCA10.chr22.046191235.	5
8	238	SCA10.chr22.046191235.	5
9	239	SCA10.chr22.046191235.	5
10	240	SCA10.chr22.046191235.	5
1	241	SCA17.chr6.170870995.	0.5
2	242	SCA17.chr6.170870995.	0.5
3	243	SCA17.chr6.170870995.	0.5
4	244	SCA17.chr6.170870995.	0.5
5	245	SCA17.chr6.170870995.	0.5
6	246	SCA17.chr6.170870995.	0.5
7	247	SCA17.chr6.170870995.	0.5
8	248	SCA17.chr6.170870995.	0.5
9	249	SCA17.chr6.170870995.	0.5
10	250	SCA17.chr6.170870995.	0.5
1	251	SCA17.chr6.170870995.	1
2	252	SCA17.chr6.170870995.	1
3	253	SCA17.chr6.170870995.	1
4	254	SCA17.chr6.170870995.	1
5	255	SCA17.chr6.170870995.	1
6	256	SCA17.chr6.170870995.	1
7	257	SCA17.chr6.170870995.	1
8	258	SCA17.chr6.170870995.	1
9	259	SCA17.chr6.170870995.	1
10	260	SCA17.chr6.170870995.	1
1	261	SCA17.chr6.170870995.	2
2	262	SCA17.chr6.170870995.	2
3	263	SCA17.chr6.170870995.	2
4	264	SCA17.chr6.170870995.	2
5	265	SCA17.chr6.170870995.	2
6	266	SCA17.chr6.170870995.	2
7	267	SCA17.chr6.170870995.	2
8	268	SCA17.chr6.170870995.	2
9	269	SCA17.chr6.170870995.	2
10	270	SCA17.chr6.170870995.	2
1	271	SCA17.chr6.170870995.	5
2	272	SCA17.chr6.170870995.	5
3	273	SCA17.chr6.170870995.	5
4	274	SCA17.chr6.170870995.	5
5	275	SCA17.chr6.170870995.	5
6	276	SCA17.chr6.170870995.	5
7	277	SCA17.chr6.170870995.	5
8	278	SCA17.chr6.170870995.	5
9	279	SCA17.chr6.170870995.	5
10	280	SCA17.chr6.170870995.	5
1	281	SCA36.chr20.002633379.	0.5
2	282	SCA36.chr20.002633379.	0.5
3	283	SCA36.chr20.002633379.	0.5
4	284	SCA36.chr20.002633379.	0.5
5	285	SCA36.chr20.002633379.	0.5
6	286	SCA36.chr20.002633379.	0.5
7	287	SCA36.chr20.002633379.	0.5
8	288	SCA36.chr20.002633379.	0.5
9	289	SCA36.chr20.002633379.	0.5
10	290	SCA36.chr20.002633379.	0.5
1	291	SCA36.chr20.002633379.	1
2	292	SCA36.chr20.002633379.	1
3	293	SCA36.chr20.002633379.	1
4	294	SCA36.chr20.002633379.	1
5	295	SCA36.chr20.002633379.	1
6	296	SCA36.chr20.002633379.	1
7	297	SCA36.chr20.002633379.	1
8	298	SCA36.chr20.002633379.	1
9	299	SCA36.chr20.002633379.	1
10	300	SCA36.chr20.002633379.	1
1	301	SCA36.chr20.002633379.	2
2	302	SCA36.chr20.002633379.	2
3	303	SCA36.chr20.002633379.	2
4	304	SCA36.chr20.002633379.	2
5	305	SCA36.chr20.002633379.	2
6	306	SCA36.chr20.002633379.	2
7	307	SCA36.chr20.002633379.	2
8	308	SCA36.chr20.002633379.	2
9	309	SCA36.chr20.002633379.	2
10	310	SCA36.chr20.002633379.	2
1	311	SCA36.chr20.002633379.	5
2	312	SCA36.chr20.002633379.	5
3	313	SCA36.chr20.002633379.	5
4	314	SCA36.chr20.002633379.	5
5	315	SCA36.chr20.002633379.	5
6	316	SCA36.chr20.002633379.	5
7	317	SCA36.chr20.002633379.	5
8	318	SCA36.chr20.002633379.	5
9	319	SCA36.chr20.002633379.	5
10	320	SCA36.chr20.002633379.	5
1	321	FAME6.chr16.024624851.	0.5
2	322	FAME6.chr16.024624851.	0.5
3	323	FAME6.chr16.024624851.	0.5
4	324	FAME6.chr16.024624851.	0.5
5	325	FAME6.chr16.024624851.	0.5
6	326	FAME6.chr16.024624851.	0.5
7	327	FAME6.chr16.024624851.	0.5
8	328	FAME6.chr16.024624851.	0.5
9	329	FAME6.chr16.024624851.	0.5
10	330	FAME6.chr16.024624851.	0.5
1	331	FAME6.chr16.024624851.	1
2	332	FAME6.chr16.024624851.	1
3	333	FAME6.chr16.024624851.	1
4	334	FAME6.chr16.024624851.	1
5	335	FAME6.chr16.024624851.	1
6	336	FAME6.chr16.024624851.	1
7	337	FAME6.chr16.024624851.	1
8	338	FAME6.chr16.024624851.	1
9	339	FAME6.chr16.024624851.	1
10	340	FAME6.chr16.024624851.	1
1	341	FAME6.chr16.024624851.	2
2	342	FAME6.chr16.024624851.	2
3	343	FAME6.chr16.024624851.	2
4	344	FAME6.chr16.024624851.	2
5	345	FAME6.chr16.024624851.	2
6	346	FAME6.chr16.024624851.	2
7	347	FAME6.chr16.024624851.	2
8	348	FAME6.chr16.024624851.	2
9	349	FAME6.chr16.024624851.	2
10	350	FAME6.chr16.024624851.	2
1	351	FAME6.chr16.024624851.	5
2	352	FAME6.chr16.024624851.	5
3	353	FAME6.chr16.024624851.	5
4	354	FAME6.chr16.024624851.	5
5	355	FAME6.chr16.024624851.	5
6	356	FAME6.chr16.024624851.	5
7	357	FAME6.chr16.024624851.	5
8	358	FAME6.chr16.024624851.	5
9	359	FAME6.chr16.024624851.	5
10	360	FAME6.chr16.024624851.	5
1	361	CANVAS.chr4.039350045.	0.5
2	362	CANVAS.chr4.039350045.	0.5
3	363	CANVAS.chr4.039350045.	0.5
4	364	CANVAS.chr4.039350045.	0.5
5	365	CANVAS.chr4.039350045.	0.5
6	366	CANVAS.chr4.039350045.	0.5
7	367	CANVAS.chr4.039350045.	0.5
8	368	CANVAS.chr4.039350045.	0.5
9	369	CANVAS.chr4.039350045.	0.5
10	370	CANVAS.chr4.039350045.	0.5
1	371	CANVAS.chr4.039350045.	1
2	372	CANVAS.chr4.039350045.	1
3	373	CANVAS.chr4.039350045.	1
4	374	CANVAS.chr4.039350045.	1
5	375	CANVAS.chr4.039350045.	1
6	376	CANVAS.chr4.039350045.	1
7	377	CANVAS.chr4.039350045.	1
8	378	CANVAS.chr4.039350045.	1
9	379	CANVAS.chr4.039350045.	1
10	380	CANVAS.chr4.039350045.	1
1	381	CANVAS.chr4.039350045.	2
2	382	CANVAS.chr4.039350045.	2
3	383	CANVAS.chr4.039350045.	2
4	384	CANVAS.chr4.039350045.	2
5	385	CANVAS.chr4.039350045.	2
6	386	CANVAS.chr4.039350045.	2
7	387	CANVAS.chr4.039350045.	2
8	388	CANVAS.chr4.039350045.	2
9	389	CANVAS.chr4.039350045.	2
10	390	CANVAS.chr4.039350045.	2
1	391	CANVAS.chr4.039350045.	5
2	392	CANVAS.chr4.039350045.	5
3	393	CANVAS.chr4.039350045.	5
4	394	CANVAS.chr4.039350045.	5
5	395	CANVAS.chr4.039350045.	5
6	396	CANVAS.chr4.039350045.	5
7	397	CANVAS.chr4.039350045.	5
8	398	CANVAS.chr4.039350045.	5
9	399	CANVAS.chr4.039350045.	5
10	400	CANVAS.chr4.039350045.	5
1	401	FAME1.chr8.119379052.	0.5
2	402	FAME1.chr8.119379052.	0.5
3	403	FAME1.chr8.119379052.	0.5
4	404	FAME1.chr8.119379052.	0.5
5	405	FAME1.chr8.119379052.	0.5
6	406	FAME1.chr8.119379052.	0.5
7	407	FAME1.chr8.119379052.	0.5
8	408	FAME1.chr8.119379052.	0.5
9	409	FAME1.chr8.119379052.	0.5
10	410	FAME1.chr8.119379052.	0.5
1	411	FAME1.chr8.119379052.	1
2	412	FAME1.chr8.119379052.	1
3	413	FAME1.chr8.119379052.	1
4	414	FAME1.chr8.119379052.	1
5	415	FAME1.chr8.119379052.	1
6	416	FAME1.chr8.119379052.	1
7	417	FAME1.chr8.119379052.	1
8	418	FAME1.chr8.119379052.	1
9	419	FAME1.chr8.119379052.	1
10	420	FAME1.chr8.119379052.	1
1	421	FAME1.chr8.119379052.	2
2	422	FAME1.chr8.119379052.	2
3	423	FAME1.chr8.119379052.	2
4	424	FAME1.chr8.119379052.	2
5	425	FAME1.chr8.119379052.	2
6	426	FAME1.chr8.119379052.	2
7	427	FAME1.chr8.119379052.	2
8	428	FAME1.chr8.119379052.	2
9	429	FAME1.chr8.119379052.	2
10	430	FAME1.chr8.119379052.	2
1	431	FAME1.chr8.119379052.	5
2	432	FAME1.chr8.119379052.	5
3	433	FAME1.chr8.119379052.	5
4	434	FAME1.chr8.119379052.	5
5	435	FAME1.chr8.119379052.	5
6	436	FAME1.chr8.119379052.	5
7	437	FAME1.chr8.119379052.	5
8	438	FAME1.chr8.119379052.	5
9	439	FAME1.chr8.119379052.	5
10	440	FAME1.chr8.119379052.	5
1	441	FAME2.chr2.096862805.	0.5
2	442	FAME2.chr2.096862805.	0.5
3	443	FAME2.chr2.096862805.	0.5
4	444	FAME2.chr2.096862805.	0.5
5	445	FAME2.chr2.096862805.	0.5
6	446	FAME2.chr2.096862805.	0.5
7	447	FAME2.chr2.096862805.	0.5
8	448	FAME2.chr2.096862805.	0.5
9	449	FAME2.chr2.096862805.	0.5
10	450	FAME2.chr2.096862805.	0.5
1	451	FAME2.chr2.096862805.	1
2	452	FAME2.chr2.096862805.	1
3	453	FAME2.chr2.096862805.	1
4	454	FAME2.chr2.096862805.	1
5	455	FAME2.chr2.096862805.	1
6	456	FAME2.chr2.096862805.	1
7	457	FAME2.chr2.096862805.	1
8	458	FAME2.chr2.096862805.	1
9	459	FAME2.chr2.096862805.	1
10	460	FAME2.chr2.096862805.	1
1	461	FAME2.chr2.096862805.	2
2	462	FAME2.chr2.096862805.	2
3	463	FAME2.chr2.096862805.	2
4	464	FAME2.chr2.096862805.	2
5	465	FAME2.chr2.096862805.	2
6	466	FAME2.chr2.096862805.	2
7	467	FAME2.chr2.096862805.	2
8	468	FAME2.chr2.096862805.	2
9	469	FAME2.chr2.096862805.	2
10	470	FAME2.chr2.096862805.	2
1	471	FAME2.chr2.096862805.	5
2	472	FAME2.chr2.096862805.	5
3	473	FAME2.chr2.096862805.	5
4	474	FAME2.chr2.096862805.	5
5	475	FAME2.chr2.096862805.	5
6	476	FAME2.chr2.096862805.	5
7	477	FAME2.chr2.096862805.	5
8	478	FAME2.chr2.096862805.	5
9	479	FAME2.chr2.096862805.	5
10	480	FAME2.chr2.096862805.	5
1	481	FAME3.chr5.010356520.	0.5
2	482	FAME3.chr5.010356520.	0.5
3	483	FAME3.chr5.010356520.	0.5
4	484	FAME3.chr5.010356520.	0.5
5	485	FAME3.chr5.010356520.	0.5
6	486	FAME3.chr5.010356520.	0.5
7	487	FAME3.chr5.010356520.	0.5
8	488	FAME3.chr5.010356520.	0.5
9	489	FAME3.chr5.010356520.	0.5
10	490	FAME3.chr5.010356520.	0.5
1	491	FAME3.chr5.010356520.	1
2	492	FAME3.chr5.010356520.	1
3	493	FAME3.chr5.010356520.	1
4	494	FAME3.chr5.010356520.	1
5	495	FAME3.chr5.010356520.	1
6	496	FAME3.chr5.010356520.	1
7	497	FAME3.chr5.010356520.	1
8	498	FAME3.chr5.010356520.	1
9	499	FAME3.chr5.010356520.	1
10	500	FAME3.chr5.010356520.	1
1	501	FAME3.chr5.010356520.	2
2	502	FAME3.chr5.010356520.	2
3	503	FAME3.chr5.010356520.	2
4	504	FAME3.chr5.010356520.	2
5	505	FAME3.chr5.010356520.	2
6	506	FAME3.chr5.010356520.	2
7	507	FAME3.chr5.010356520.	2
8	508	FAME3.chr5.010356520.	2
9	509	FAME3.chr5.010356520.	2
10	510	FAME3.chr5.010356520.	2
1	511	FAME3.chr5.010356520.	5
2	512	FAME3.chr5.010356520.	5
3	513	FAME3.chr5.010356520.	5
4	514	FAME3.chr5.010356520.	5
5	515	FAME3.chr5.010356520.	5
6	516	FAME3.chr5.010356520.	5
7	517	FAME3.chr5.010356520.	5
8	518	FAME3.chr5.010356520.	5
9	519	FAME3.chr5.010356520.	5
10	520	FAME3.chr5.010356520.	5
1	521	FAME4.chr3.183430011.	0.5
2	522	FAME4.chr3.183430011.	0.5
3	523	FAME4.chr3.183430011.	0.5
4	524	FAME4.chr3.183430011.	0.5
5	525	FAME4.chr3.183430011.	0.5
6	526	FAME4.chr3.183430011.	0.5
7	527	FAME4.chr3.183430011.	0.5
8	528	FAME4.chr3.183430011.	0.5
9	529	FAME4.chr3.183430011.	0.5
10	530	FAME4.chr3.183430011.	0.5
1	531	FAME4.chr3.183430011.	1
2	532	FAME4.chr3.183430011.	1
3	533	FAME4.chr3.183430011.	1
4	534	FAME4.chr3.183430011.	1
5	535	FAME4.chr3.183430011.	1
6	536	FAME4.chr3.183430011.	1
7	537	FAME4.chr3.183430011.	1
8	538	FAME4.chr3.183430011.	1
9	539	FAME4.chr3.183430011.	1
10	540	FAME4.chr3.183430011.	1
1	541	FAME4.chr3.183430011.	2
2	542	FAME4.chr3.183430011.	2
3	543	FAME4.chr3.183430011.	2
4	544	FAME4.chr3.183430011.	2
5	545	FAME4.chr3.183430011.	2
6	546	FAME4.chr3.183430011.	2
7	547	FAME4.chr3.183430011.	2
8	548	FAME4.chr3.183430011.	2
9	549	FAME4.chr3.183430011.	2
10	550	FAME4.chr3.183430011.	2
1	551	FAME4.chr3.183430011.	5
2	552	FAME4.chr3.183430011.	5
3	553	FAME4.chr3.183430011.	5
4	554	FAME4.chr3.183430011.	5
5	555	FAME4.chr3.183430011.	5
6	556	FAME4.chr3.183430011.	5
7	557	FAME4.chr3.183430011.	5
8	558	FAME4.chr3.183430011.	5
9	559	FAME4.chr3.183430011.	5
10	560	FAME4.chr3.183430011.	5
1	561	FAME7.chr4.160263769.	0.5
2	562	FAME7.chr4.160263769.	0.5
3	563	FAME7.chr4.160263769.	0.5
4	564	FAME7.chr4.160263769.	0.5
5	565	FAME7.chr4.160263769.	0.5
6	566	FAME7.chr4.160263769.	0.5
7	567	FAME7.chr4.160263769.	0.5
8	568	FAME7.chr4.160263769.	0.5
9	569	FAME7.chr4.160263769.	0.5
10	570	FAME7.chr4.160263769.	0.5
1	571	FAME7.chr4.160263769.	1
2	572	FAME7.chr4.160263769.	1
3	573	FAME7.chr4.160263769.	1
4	574	FAME7.chr4.160263769.	1
5	575	FAME7.chr4.160263769.	1
6	576	FAME7.chr4.160263769.	1
7	577	FAME7.chr4.160263769.	1
8	578	FAME7.chr4.160263769.	1
9	579	FAME7.chr4.160263769.	1
10	580	FAME7.chr4.160263769.	1
1	581	FAME7.chr4.160263769.	2
2	582	FAME7.chr4.160263769.	2
3	583	FAME7.chr4.160263769.	2
4	584	FAME7.chr4.160263769.	2
5	585	FAME7.chr4.160263769.	2
6	586	FAME7.chr4.160263769.	2
7	587	FAME7.chr4.160263769.	2
8	588	FAME7.chr4.160263769.	2
9	589	FAME7.chr4.160263769.	2
10	590	FAME7.chr4.160263769.	2
1	591	FAME7.chr4.160263769.	5
2	592	FAME7.chr4.160263769.	5
3	593	FAME7.chr4.160263769.	5
4	594	FAME7.chr4.160263769.	5
5	595	FAME7.chr4.160263769.	5
6	596	FAME7.chr4.160263769.	5
7	597	FAME7.chr4.160263769.	5
8	598	FAME7.chr4.160263769.	5
9	599	FAME7.chr4.160263769.	5
10	600	FAME7.chr4.160263769.	5
1	601	HD.chr4.003076604.	0.5
2	602	HD.chr4.003076604.	0.5
3	603	HD.chr4.003076604.	0.5
4	604	HD.chr4.003076604.	0.5
5	605	HD.chr4.003076604.	0.5
6	606	HD.chr4.003076604.	0.5
7	607	HD.chr4.003076604.	0.5
8	608	HD.chr4.003076604.	0.5
9	609	HD.chr4.003076604.	0.5
10	610	HD.chr4.003076604.	0.5
1	611	HD.chr4.003076604.	1
2	612	HD.chr4.003076604.	1
3	613	HD.chr4.003076604.	1
4	614	HD.chr4.003076604.	1
5	615	HD.chr4.003076604.	1
6	616	HD.chr4.003076604.	1
7	617	HD.chr4.003076604.	1
8	618	HD.chr4.003076604.	1
9	619	HD.chr4.003076604.	1
10	620	HD.chr4.003076604.	1
1	621	HD.chr4.003076604.	2
2	622	HD.chr4.003076604.	2
3	623	HD.chr4.003076604.	2
4	624	HD.chr4.003076604.	2
5	625	HD.chr4.003076604.	2
6	626	HD.chr4.003076604.	2
7	627	HD.chr4.003076604.	2
8	628	HD.chr4.003076604.	2
9	629	HD.chr4.003076604.	2
10	630	HD.chr4.003076604.	2
1	631	HD.chr4.003076604.	5
2	632	HD.chr4.003076604.	5
3	633	HD.chr4.003076604.	5
4	634	HD.chr4.003076604.	5
5	635	HD.chr4.003076604.	5
6	636	HD.chr4.003076604.	5
7	637	HD.chr4.003076604.	5
8	638	HD.chr4.003076604.	5
9	639	HD.chr4.003076604.	5
10	640	HD.chr4.003076604.	5
1	641	FECD3.chr18.053253385.	0.5
2	642	FECD3.chr18.053253385.	0.5
3	643	FECD3.chr18.053253385.	0.5
4	644	FECD3.chr18.053253385.	0.5
5	645	FECD3.chr18.053253385.	0.5
6	646	FECD3.chr18.053253385.	0.5
7	647	FECD3.chr18.053253385.	0.5
8	648	FECD3.chr18.053253385.	0.5
9	649	FECD3.chr18.053253385.	0.5
10	650	FECD3.chr18.053253385.	0.5
1	651	FECD3.chr18.053253385.	1
2	652	FECD3.chr18.053253385.	1
3	653	FECD3.chr18.053253385.	1
4	654	FECD3.chr18.053253385.	1
5	655	FECD3.chr18.053253385.	1
6	656	FECD3.chr18.053253385.	1
7	657	FECD3.chr18.053253385.	1
8	658	FECD3.chr18.053253385.	1
9	659	FECD3.chr18.053253385.	1
10	660	FECD3.chr18.053253385.	1
1	661	FECD3.chr18.053253385.	2
2	662	FECD3.chr18.053253385.	2
3	663	FECD3.chr18.053253385.	2
4	664	FECD3.chr18.053253385.	2
5	665	FECD3.chr18.053253385.	2
6	666	FECD3.chr18.053253385.	2
7	667	FECD3.chr18.053253385.	2
8	668	FECD3.chr18.053253385.	2
9	669	FECD3.chr18.053253385.	2
10	670	FECD3.chr18.053253385.	2
1	671	FECD3.chr18.053253385.	5
2	672	FECD3.chr18.053253385.	5
3	673	FECD3.chr18.053253385.	5
4	674	FECD3.chr18.053253385.	5
5	675	FECD3.chr18.053253385.	5
6	676	FECD3.chr18.053253385.	5
7	677	FECD3.chr18.053253385.	5
8	678	FECD3.chr18.053253385.	5
9	679	FECD3.chr18.053253385.	5
10	680	FECD3.chr18.053253385.	5
1	681	DM1.chr19.046273463.	0.5
2	682	DM1.chr19.046273463.	0.5
3	683	DM1.chr19.046273463.	0.5
4	684	DM1.chr19.046273463.	0.5
5	685	DM1.chr19.046273463.	0.5
6	686	DM1.chr19.046273463.	0.5
7	687	DM1.chr19.046273463.	0.5
8	688	DM1.chr19.046273463.	0.5
9	689	DM1.chr19.046273463.	0.5
10	690	DM1.chr19.046273463.	0.5
1	691	DM1.chr19.046273463.	1
2	692	DM1.chr19.046273463.	1
3	693	DM1.chr19.046273463.	1
4	694	DM1.chr19.046273463.	1
5	695	DM1.chr19.046273463.	1
6	696	DM1.chr19.046273463.	1
7	697	DM1.chr19.046273463.	1
8	698	DM1.chr19.046273463.	1
9	699	DM1.chr19.046273463.	1
10	700	DM1.chr19.046273463.	1
1	701	DM1.chr19.046273463.	2
2	702	DM1.chr19.046273463.	2
3	703	DM1.chr19.046273463.	2
4	704	DM1.chr19.046273463.	2
5	705	DM1.chr19.046273463.	2
6	706	DM1.chr19.046273463.	2
7	707	DM1.chr19.046273463.	2
8	708	DM1.chr19.046273463.	2
9	709	DM1.chr19.046273463.	2
10	710	DM1.chr19.046273463.	2
1	711	DM1.chr19.046273463.	5
2	712	DM1.chr19.046273463.	5
3	713	DM1.chr19.046273463.	5
4	714	DM1.chr19.046273463.	5
5	715	DM1.chr19.046273463.	5
6	716	DM1.chr19.046273463.	5
7	717	DM1.chr19.046273463.	5
8	718	DM1.chr19.046273463.	5
9	719	DM1.chr19.046273463.	5
10	720	DM1.chr19.046273463.	5
1	721	DM2.chr3.128891420.	0.5
2	722	DM2.chr3.128891420.	0.5
3	723	DM2.chr3.128891420.	0.5
4	724	DM2.chr3.128891420.	0.5
5	725	DM2.chr3.128891420.	0.5
6	726	DM2.chr3.128891420.	0.5
7	727	DM2.chr3.128891420.	0.5
8	728	DM2.chr3.128891420.	0.5
9	729	DM2.chr3.128891420.	0.5
10	730	DM2.chr3.128891420.	0.5
1	731	DM2.chr3.128891420.	1
2	732	DM2.chr3.128891420.	1
3	733	DM2.chr3.128891420.	1
4	734	DM2.chr3.128891420.	1
5	735	DM2.chr3.128891420.	1
6	736	DM2.chr3.128891420.	1
7	737	DM2.chr3.128891420.	1
8	738	DM2.chr3.128891420.	1
9	739	DM2.chr3.128891420.	1
10	740	DM2.chr3.128891420.	1
1	741	DM2.chr3.128891420.	2
2	742	DM2.chr3.128891420.	2
3	743	DM2.chr3.128891420.	2
4	744	DM2.chr3.128891420.	2
5	745	DM2.chr3.128891420.	2
6	746	DM2.chr3.128891420.	2
7	747	DM2.chr3.128891420.	2
8	748	DM2.chr3.128891420.	2
9	749	DM2.chr3.128891420.	2
10	750	DM2.chr3.128891420.	2
1	751	DM2.chr3.128891420.	5
2	752	DM2.chr3.128891420.	5
3	753	DM2.chr3.128891420.	5
4	754	DM2.chr3.128891420.	5
5	755	DM2.chr3.128891420.	5
6	756	DM2.chr3.128891420.	5
7	757	DM2.chr3.128891420.	5
8	758	DM2.chr3.128891420.	5
9	759	DM2.chr3.128891420.	5
10	760	DM2.chr3.128891420.	5
1	761	FRDA.chr9.071652201.	0.5
2	762	FRDA.chr9.071652201.	0.5
3	763	FRDA.chr9.071652201.	0.5
4	764	FRDA.chr9.071652201.	0.5
5	765	FRDA.chr9.071652201.	0.5
6	766	FRDA.chr9.071652201.	0.5
7	767	FRDA.chr9.071652201.	0.5
8	768	FRDA.chr9.071652201.	0.5
9	769	FRDA.chr9.071652201.	0.5
10	770	FRDA.chr9.071652201.	0.5
1	771	FRDA.chr9.071652201.	1
2	772	FRDA.chr9.071652201.	1
3	773	FRDA.chr9.071652201.	1
4	774	FRDA.chr9.071652201.	1
5	775	FRDA.chr9.071652201.	1
6	776	FRDA.chr9.071652201.	1
7	777	FRDA.chr9.071652201.	1
8	778	FRDA.chr9.071652201.	1
9	779	FRDA.chr9.071652201.	1
10	780	FRDA.chr9.071652201.	1
1	781	FRDA.chr9.071652201.	2
2	782	FRDA.chr9.071652201.	2
3	783	FRDA.chr9.071652201.	2
4	784	FRDA.chr9.071652201.	2
5	785	FRDA.chr9.071652201.	2
6	786	FRDA.chr9.071652201.	2
7	787	FRDA.chr9.071652201.	2
8	788	FRDA.chr9.071652201.	2
9	789	FRDA.chr9.071652201.	2
10	790	FRDA.chr9.071652201.	2
1	791	FRDA.chr9.071652201.	5
2	792	FRDA.chr9.071652201.	5
3	793	FRDA.chr9.071652201.	5
4	794	FRDA.chr9.071652201.	5
5	795	FRDA.chr9.071652201.	5
6	796	FRDA.chr9.071652201.	5
7	797	FRDA.chr9.071652201.	5
8	798	FRDA.chr9.071652201.	5
9	799	FRDA.chr9.071652201.	5
10	800	FRDA.chr9.071652201.	5
1	801	DRPLA.chr12.007045880.	0.5
2	802	DRPLA.chr12.007045880.	0.5
3	803	DRPLA.chr12.007045880.	0.5
4	804	DRPLA.chr12.007045880.	0.5
5	805	DRPLA.chr12.007045880.	0.5
6	806	DRPLA.chr12.007045880.	0.5
7	807	DRPLA.chr12.007045880.	0.5
8	808	DRPLA.chr12.007045880.	0.5
9	809	DRPLA.chr12.007045880.	0.5
10	810	DRPLA.chr12.007045880.	0.5
1	811	DRPLA.chr12.007045880.	1
2	812	DRPLA.chr12.007045880.	1
3	813	DRPLA.chr12.007045880.	1
4	814	DRPLA.chr12.007045880.	1
5	815	DRPLA.chr12.007045880.	1
6	816	DRPLA.chr12.007045880.	1
7	817	DRPLA.chr12.007045880.	1
8	818	DRPLA.chr12.007045880.	1
9	819	DRPLA.chr12.007045880.	1
10	820	DRPLA.chr12.007045880.	1
1	821	DRPLA.chr12.007045880.	2
2	822	DRPLA.chr12.007045880.	2
3	823	DRPLA.chr12.007045880.	2
4	824	DRPLA.chr12.007045880.	2
5	825	DRPLA.chr12.007045880.	2
6	826	DRPLA.chr12.007045880.	2
7	827	DRPLA.chr12.007045880.	2
8	828	DRPLA.chr12.007045880.	2
9	829	DRPLA.chr12.007045880.	2
10	830	DRPLA.chr12.007045880.	2
1	831	DRPLA.chr12.007045880.	5
2	832	DRPLA.chr12.007045880.	5
3	833	DRPLA.chr12.007045880.	5
4	834	DRPLA.chr12.007045880.	5
5	835	DRPLA.chr12.007045880.	5
6	836	DRPLA.chr12.007045880.	5
7	837	DRPLA.chr12.007045880.	5
8	838	DRPLA.chr12.007045880.	5
9	839	DRPLA.chr12.007045880.	5
10	840	DRPLA.chr12.007045880.	5
1	841	EPM1.chr21.045196324.	0.5
2	842	EPM1.chr21.045196324.	0.5
3	843	EPM1.chr21.045196324.	0.5
4	844	EPM1.chr21.045196324.	0.5
5	845	EPM1.chr21.045196324.	0.5
6	846	EPM1.chr21.045196324.	0.5
7	847	EPM1.chr21.045196324.	0.5
8	848	EPM1.chr21.045196324.	0.5
9	849	EPM1.chr21.045196324.	0.5
10	850	EPM1.chr21.045196324.	0.5
1	851	EPM1.chr21.045196324.	1
2	852	EPM1.chr21.045196324.	1
3	853	EPM1.chr21.045196324.	1
4	854	EPM1.chr21.045196324.	1
5	855	EPM1.chr21.045196324.	1
6	856	EPM1.chr21.045196324.	1
7	857	EPM1.chr21.045196324.	1
8	858	EPM1.chr21.045196324.	1
9	859	EPM1.chr21.045196324.	1
10	860	EPM1.chr21.045196324.	1
1	861	EPM1.chr21.045196324.	2
2	862	EPM1.chr21.045196324.	2
3	863	EPM1.chr21.045196324.	2
4	864	EPM1.chr21.045196324.	2
5	865	EPM1.chr21.045196324.	2
6	866	EPM1.chr21.045196324.	2
7	867	EPM1.chr21.045196324.	2
8	868	EPM1.chr21.045196324.	2
9	869	EPM1.chr21.045196324.	2
10	870	EPM1.chr21.045196324.	2
1	871	EPM1.chr21.045196324.	5
2	872	EPM1.chr21.045196324.	5
3	873	EPM1.chr21.045196324.	5
4	874	EPM1.chr21.045196324.	5
5	875	EPM1.chr21.045196324.	5
6	876	EPM1.chr21.045196324.	5
7	877	EPM1.chr21.045196324.	5
8	878	EPM1.chr21.045196324.	5
9	879	EPM1.chr21.045196324.	5
10	880	EPM1.chr21.045196324.	5
1	881	SCA2.chr12.112036754.	0.5
2	882	SCA2.chr12.112036754.	0.5
3	883	SCA2.chr12.112036754.	0.5
4	884	SCA2.chr12.112036754.	0.5
5	885	SCA2.chr12.112036754.	0.5
6	886	SCA2.chr12.112036754.	0.5
7	887	SCA2.chr12.112036754.	0.5
8	888	SCA2.chr12.112036754.	0.5
9	889	SCA2.chr12.112036754.	0.5
10	890	SCA2.chr12.112036754.	0.5
1	891	SCA2.chr12.112036754.	1
2	892	SCA2.chr12.112036754.	1
3	893	SCA2.chr12.112036754.	1
4	894	SCA2.chr12.112036754.	1
5	895	SCA2.chr12.112036754.	1
6	896	SCA2.chr12.112036754.	1
7	897	SCA2.chr12.112036754.	1
8	898	SCA2.chr12.112036754.	1
9	899	SCA2.chr12.112036754.	1
10	900	SCA2.chr12.112036754.	1
1	901	SCA2.chr12.112036754.	2
2	902	SCA2.chr12.112036754.	2
3	903	SCA2.chr12.112036754.	2
4	904	SCA2.chr12.112036754.	2
5	905	SCA2.chr12.112036754.	2
6	906	SCA2.chr12.112036754.	2
7	907	SCA2.chr12.112036754.	2
8	908	SCA2.chr12.112036754.	2
9	909	SCA2.chr12.112036754.	2
10	910	SCA2.chr12.112036754.	2
1	911	SCA2.chr12.112036754.	5
2	912	SCA2.chr12.112036754.	5
3	913	SCA2.chr12.112036754.	5
4	914	SCA2.chr12.112036754.	5
5	915	SCA2.chr12.112036754.	5
6	916	SCA2.chr12.112036754.	5
7	917	SCA2.chr12.112036754.	5
8	918	SCA2.chr12.112036754.	5
9	919	SCA2.chr12.112036754.	5
10	920	SCA2.chr12.112036754.	5
1	921	SCA3.chr14.092537355.	0.5
2	922	SCA3.chr14.092537355.	0.5
3	923	SCA3.chr14.092537355.	0.5
4	924	SCA3.chr14.092537355.	0.5
5	925	SCA3.chr14.092537355.	0.5
6	926	SCA3.chr14.092537355.	0.5
7	927	SCA3.chr14.092537355.	0.5
8	928	SCA3.chr14.092537355.	0.5
9	929	SCA3.chr14.092537355.	0.5
10	930	SCA3.chr14.092537355.	0.5
1	931	SCA3.chr14.092537355.	1
2	932	SCA3.chr14.092537355.	1
3	933	SCA3.chr14.092537355.	1
4	934	SCA3.chr14.092537355.	1
5	935	SCA3.chr14.092537355.	1
6	936	SCA3.chr14.092537355.	1
7	937	SCA3.chr14.092537355.	1
8	938	SCA3.chr14.092537355.	1
9	939	SCA3.chr14.092537355.	1
10	940	SCA3.chr14.092537355.	1
1	941	SCA3.chr14.092537355.	2
2	942	SCA3.chr14.092537355.	2
3	943	SCA3.chr14.092537355.	2
4	944	SCA3.chr14.092537355.	2
5	945	SCA3.chr14.092537355.	2
6	946	SCA3.chr14.092537355.	2
7	947	SCA3.chr14.092537355.	2
8	948	SCA3.chr14.092537355.	2
9	949	SCA3.chr14.092537355.	2
10	950	SCA3.chr14.092537355.	2
1	951	SCA3.chr14.092537355.	5
2	952	SCA3.chr14.092537355.	5
3	953	SCA3.chr14.092537355.	5
4	954	SCA3.chr14.092537355.	5
5	955	SCA3.chr14.092537355.	5
6	956	SCA3.chr14.092537355.	5
7	957	SCA3.chr14.092537355.	5
8	958	SCA3.chr14.092537355.	5
9	959	SCA3.chr14.092537355.	5
10	960	SCA3.chr14.092537355.	5
1	961	SCA12.chr5.146258291.	0.5
2	962	SCA12.chr5.146258291.	0.5
3	963	SCA12.chr5.146258291.	0.5
4	964	SCA12.chr5.146258291.	0.5
5	965	SCA12.chr5.146258291.	0.5
6	966	SCA12.chr5.146258291.	0.5
7	967	SCA12.chr5.146258291.	0.5
8	968	SCA12.chr5.146258291.	0.5
9	969	SCA12.chr5.146258291.	0.5
10	970	SCA12.chr5.146258291.	0.5
1	971	SCA12.chr5.146258291.	1
2	972	SCA12.chr5.146258291.	1
3	973	SCA12.chr5.146258291.	1
4	974	SCA12.chr5.146258291.	1
5	975	SCA12.chr5.146258291.	1
6	976	SCA12.chr5.146258291.	1
7	977	SCA12.chr5.146258291.	1
8	978	SCA12.chr5.146258291.	1
9	979	SCA12.chr5.146258291.	1
10	980	SCA12.chr5.146258291.	1
1	981	SCA12.chr5.146258291.	2
2	982	SCA12.chr5.146258291.	2
3	983	SCA12.chr5.146258291.	2
4	984	SCA12.chr5.146258291.	2
5	985	SCA12.chr5.146258291.	2
6	986	SCA12.chr5.146258291.	2
7	987	SCA12.chr5.146258291.	2
8	988	SCA12.chr5.146258291.	2
9	989	SCA12.chr5.146258291.	2
10	990	SCA12.chr5.146258291.	2
1	991	SCA12.chr5.146258291.	5
2	992	SCA12.chr5.146258291.	5
3	993	SCA12.chr5.146258291.	5
4	994	SCA12.chr5.146258291.	5
5	995	SCA12.chr5.146258291.	5
6	996	SCA12.chr5.146258291.	5
7	997	SCA12.chr5.146258291.	5
8	998	SCA12.chr5.146258291.	5
9	999	SCA12.chr5.146258291.	5
10	1000	SCA12.chr5.146258291.	5
1	1001	SCA31.chr16.066524302.	0.5
2	1002	SCA31.chr16.066524302.	0.5
3	1003	SCA31.chr16.066524302.	0.5
4	1004	SCA31.chr16.066524302.	0.5
5	1005	SCA31.chr16.066524302.	0.5
6	1006	SCA31.chr16.066524302.	0.5
7	1007	SCA31.chr16.066524302.	0.5
8	1008	SCA31.chr16.066524302.	0.5
9	1009	SCA31.chr16.066524302.	0.5
10	1010	SCA31.chr16.066524302.	0.5
1	1011	SCA31.chr16.066524302.	1
2	1012	SCA31.chr16.066524302.	1
3	1013	SCA31.chr16.066524302.	1
4	1014	SCA31.chr16.066524302.	1
5	1015	SCA31.chr16.066524302.	1
6	1016	SCA31.chr16.066524302.	1
7	1017	SCA31.chr16.066524302.	1
8	1018	SCA31.chr16.066524302.	1
9	1019	SCA31.chr16.066524302.	1
10	1020	SCA31.chr16.066524302.	1
1	1021	SCA31.chr16.066524302.	2
2	1022	SCA31.chr16.066524302.	2
3	1023	SCA31.chr16.066524302.	2
4	1024	SCA31.chr16.066524302.	2
5	1025	SCA31.chr16.066524302.	2
6	1026	SCA31.chr16.066524302.	2
7	1027	SCA31.chr16.066524302.	2
8	1028	SCA31.chr16.066524302.	2
9	1029	SCA31.chr16.066524302.	2
10	1030	SCA31.chr16.066524302.	2
1	1031	SCA31.chr16.066524302.	5
2	1032	SCA31.chr16.066524302.	5
3	1033	SCA31.chr16.066524302.	5
4	1034	SCA31.chr16.066524302.	5
5	1035	SCA31.chr16.066524302.	5
6	1036	SCA31.chr16.066524302.	5
7	1037	SCA31.chr16.066524302.	5
8	1038	SCA31.chr16.066524302.	5
9	1039	SCA31.chr16.066524302.	5
10	1040	SCA31.chr16.066524302.	5
1	1041	SCA37.chr1.057832716.	0.5
2	1042	SCA37.chr1.057832716.	0.5
3	1043	SCA37.chr1.057832716.	0.5
4	1044	SCA37.chr1.057832716.	0.5
5	1045	SCA37.chr1.057832716.	0.5
6	1046	SCA37.chr1.057832716.	0.5
7	1047	SCA37.chr1.057832716.	0.5
8	1048	SCA37.chr1.057832716.	0.5
9	1049	SCA37.chr1.057832716.	0.5
10	1050	SCA37.chr1.057832716.	0.5
1	1051	SCA37.chr1.057832716.	1
2	1052	SCA37.chr1.057832716.	1
3	1053	SCA37.chr1.057832716.	1
4	1054	SCA37.chr1.057832716.	1
5	1055	SCA37.chr1.057832716.	1
6	1056	SCA37.chr1.057832716.	1
7	1057	SCA37.chr1.057832716.	1
8	1058	SCA37.chr1.057832716.	1
9	1059	SCA37.chr1.057832716.	1
10	1060	SCA37.chr1.057832716.	1
1	1061	SCA37.chr1.057832716.	2
2	1062	SCA37.chr1.057832716.	2
3	1063	SCA37.chr1.057832716.	2
4	1064	SCA37.chr1.057832716.	2
5	1065	SCA37.chr1.057832716.	2
6	1066	SCA37.chr1.057832716.	2
7	1067	SCA37.chr1.057832716.	2
8	1068	SCA37.chr1.057832716.	2
9	1069	SCA37.chr1.057832716.	2
10	1070	SCA37.chr1.057832716.	2
1	1071	SCA37.chr1.057832716.	5
2	1072	SCA37.chr1.057832716.	5
3	1073	SCA37.chr1.057832716.	5
4	1074	SCA37.chr1.057832716.	5
5	1075	SCA37.chr1.057832716.	5
6	1076	SCA37.chr1.057832716.	5
7	1077	SCA37.chr1.057832716.	5
8	1078	SCA37.chr1.057832716.	5
9	1079	SCA37.chr1.057832716.	5
10	1080	SCA37.chr1.057832716.	5
1	1081	SCA8.chr13.070713516.	0.5
2	1082	SCA8.chr13.070713516.	0.5
3	1083	SCA8.chr13.070713516.	0.5
4	1084	SCA8.chr13.070713516.	0.5
5	1085	SCA8.chr13.070713516.	0.5
6	1086	SCA8.chr13.070713516.	0.5
7	1087	SCA8.chr13.070713516.	0.5
8	1088	SCA8.chr13.070713516.	0.5
9	1089	SCA8.chr13.070713516.	0.5
10	1090	SCA8.chr13.070713516.	0.5
1	1091	SCA8.chr13.070713516.	1
2	1092	SCA8.chr13.070713516.	1
3	1093	SCA8.chr13.070713516.	1
4	1094	SCA8.chr13.070713516.	1
5	1095	SCA8.chr13.070713516.	1
6	1096	SCA8.chr13.070713516.	1
7	1097	SCA8.chr13.070713516.	1
8	1098	SCA8.chr13.070713516.	1
9	1099	SCA8.chr13.070713516.	1
10	1100	SCA8.chr13.070713516.	1
1	1101	SCA8.chr13.070713516.	2
2	1102	SCA8.chr13.070713516.	2
3	1103	SCA8.chr13.070713516.	2
4	1104	SCA8.chr13.070713516.	2
5	1105	SCA8.chr13.070713516.	2
6	1106	SCA8.chr13.070713516.	2
7	1107	SCA8.chr13.070713516.	2
8	1108	SCA8.chr13.070713516.	2
9	1109	SCA8.chr13.070713516.	2
10	1110	SCA8.chr13.070713516.	2
1	1111	SCA8.chr13.070713516.	5
2	1112	SCA8.chr13.070713516.	5
3	1113	SCA8.chr13.070713516.	5
4	1114	SCA8.chr13.070713516.	5
5	1115	SCA8.chr13.070713516.	5
6	1116	SCA8.chr13.070713516.	5
7	1117	SCA8.chr13.070713516.	5
8	1118	SCA8.chr13.070713516.	5
9	1119	SCA8.chr13.070713516.	5
10	1120	SCA8.chr13.070713516.	5
1	1121	GDPAG.chr2.191745599.	0.5
2	1122	GDPAG.chr2.191745599.	0.5
3	1123	GDPAG.chr2.191745599.	0.5
4	1124	GDPAG.chr2.191745599.	0.5
5	1125	GDPAG.chr2.191745599.	0.5
6	1126	GDPAG.chr2.191745599.	0.5
7	1127	GDPAG.chr2.191745599.	0.5
8	1128	GDPAG.chr2.191745599.	0.5
9	1129	GDPAG.chr2.191745599.	0.5
10	1130	GDPAG.chr2.191745599.	0.5
1	1131	GDPAG.chr2.191745599.	1
2	1132	GDPAG.chr2.191745599.	1
3	1133	GDPAG.chr2.191745599.	1
4	1134	GDPAG.chr2.191745599.	1
5	1135	GDPAG.chr2.191745599.	1
6	1136	GDPAG.chr2.191745599.	1
7	1137	GDPAG.chr2.191745599.	1
8	1138	GDPAG.chr2.191745599.	1
9	1139	GDPAG.chr2.191745599.	1
10	1140	GDPAG.chr2.191745599.	1
1	1141	GDPAG.chr2.191745599.	2
2	1142	GDPAG.chr2.191745599.	2
3	1143	GDPAG.chr2.191745599.	2
4	1144	GDPAG.chr2.191745599.	2
5	1145	GDPAG.chr2.191745599.	2
6	1146	GDPAG.chr2.191745599.	2
7	1147	GDPAG.chr2.191745599.	2
8	1148	GDPAG.chr2.191745599.	2
9	1149	GDPAG.chr2.191745599.	2
10	1150	GDPAG.chr2.191745599.	2
1	1151	GDPAG.chr2.191745599.	5
2	1152	GDPAG.chr2.191745599.	5
3	1153	GDPAG.chr2.191745599.	5
4	1154	GDPAG.chr2.191745599.	5
5	1155	GDPAG.chr2.191745599.	5
6	1156	GDPAG.chr2.191745599.	5
7	1157	GDPAG.chr2.191745599.	5
8	1158	GDPAG.chr2.191745599.	5
9	1159	GDPAG.chr2.191745599.	5
10	1160	GDPAG.chr2.191745599.	5
1	1161	SCN1B.chr19.035524558	0.5
2	1162	SCN1B.chr19.035524558	0.5
3	1163	SCN1B.chr19.035524558	0.5
4	1164	SCN1B.chr19.035524558	0.5
5	1165	SCN1B.chr19.035524558	0.5
6	1166	SCN1B.chr19.035524558	0.5
7	1167	SCN1B.chr19.035524558	0.5
8	1168	SCN1B.chr19.035524558	0.5
9	1169	SCN1B.chr19.035524558	0.5
10	1170	SCN1B.chr19.035524558	0.5
1	1171	SCN1B.chr19.035524558	1
2	1172	SCN1B.chr19.035524558	1
3	1173	SCN1B.chr19.035524558	1
4	1174	SCN1B.chr19.035524558	1
5	1175	SCN1B.chr19.035524558	1
6	1176	SCN1B.chr19.035524558	1
7	1177	SCN1B.chr19.035524558	1
8	1178	SCN1B.chr19.035524558	1
9	1179	SCN1B.chr19.035524558	1
10	1180	SCN1B.chr19.035524558	1
1	1181	SCN1B.chr19.035524558	2
2	1182	SCN1B.chr19.035524558	2
3	1183	SCN1B.chr19.035524558	2
4	1184	SCN1B.chr19.035524558	2
5	1185	SCN1B.chr19.035524558	2
6	1186	SCN1B.chr19.035524558	2
7	1187	SCN1B.chr19.035524558	2
8	1188	SCN1B.chr19.035524558	2
9	1189	SCN1B.chr19.035524558	2
10	1190	SCN1B.chr19.035524558	2
1	1191	SCN1B.chr19.035524558	5
2	1192	SCN1B.chr19.035524558	5
3	1193	SCN1B.chr19.035524558	5
4	1194	SCN1B.chr19.035524558	5
5	1195	SCN1B.chr19.035524558	5
6	1196	SCN1B.chr19.035524558	5
7	1197	SCN1B.chr19.035524558	5
8	1198	SCN1B.chr19.035524558	5
9	1199	SCN1B.chr19.035524558	5
10	1200	SCN1B.chr19.035524558	5
1	1201	SBMA.chrX.066765159.	0.5
2	1202	SBMA.chrX.066765159.	0.5
3	1203	SBMA.chrX.066765159.	0.5
4	1204	SBMA.chrX.066765159.	0.5
5	1205	SBMA.chrX.066765159.	0.5
6	1206	SBMA.chrX.066765159.	0.5
7	1207	SBMA.chrX.066765159.	0.5
8	1208	SBMA.chrX.066765159.	0.5
9	1209	SBMA.chrX.066765159.	0.5
10	1210	SBMA.chrX.066765159.	0.5
1	1211	SBMA.chrX.066765159.	1
2	1212	SBMA.chrX.066765159.	1
3	1213	SBMA.chrX.066765159.	1
4	1214	SBMA.chrX.066765159.	1
5	1215	SBMA.chrX.066765159.	1
6	1216	SBMA.chrX.066765159.	1
7	1217	SBMA.chrX.066765159.	1
8	1218	SBMA.chrX.066765159.	1
9	1219	SBMA.chrX.066765159.	1
10	1220	SBMA.chrX.066765159.	1
1	1221	SBMA.chrX.066765159.	2
2	1222	SBMA.chrX.066765159.	2
3	1223	SBMA.chrX.066765159.	2
4	1224	SBMA.chrX.066765159.	2
5	1225	SBMA.chrX.066765159.	2
6	1226	SBMA.chrX.066765159.	2
7	1227	SBMA.chrX.066765159.	2
8	1228	SBMA.chrX.066765159.	2
9	1229	SBMA.chrX.066765159.	2
10	1230	SBMA.chrX.066765159.	2
1	1231	SBMA.chrX.066765159.	5
2	1232	SBMA.chrX.066765159.	5
3	1233	SBMA.chrX.066765159.	5
4	1234	SBMA.chrX.066765159.	5
5	1235	SBMA.chrX.066765159.	5
6	1236	SBMA.chrX.066765159.	5
7	1237	SBMA.chrX.066765159.	5
8	1238	SBMA.chrX.066765159.	5
9	1239	SBMA.chrX.066765159.	5
10	1240	SBMA.chrX.066765159.	5
1	1241	FRAXA.chrX.146993555.	0.5
2	1242	FRAXA.chrX.146993555.	0.5
3	1243	FRAXA.chrX.146993555.	0.5
4	1244	FRAXA.chrX.146993555.	0.5
5	1245	FRAXA.chrX.146993555.	0.5
6	1246	FRAXA.chrX.146993555.	0.5
7	1247	FRAXA.chrX.146993555.	0.5
8	1248	FRAXA.chrX.146993555.	0.5
9	1249	FRAXA.chrX.146993555.	0.5
10	1250	FRAXA.chrX.146993555.	0.5
1	1251	FRAXA.chrX.146993555.	1
2	1252	FRAXA.chrX.146993555.	1
3	1253	FRAXA.chrX.146993555.	1
4	1254	FRAXA.chrX.146993555.	1
5	1255	FRAXA.chrX.146993555.	1
6	1256	FRAXA.chrX.146993555.	1
7	1257	FRAXA.chrX.146993555.	1
8	1258	FRAXA.chrX.146993555.	1
9	1259	FRAXA.chrX.146993555.	1
10	1260	FRAXA.chrX.146993555.	1
1	1261	FRAXA.chrX.146993555.	2
2	1262	FRAXA.chrX.146993555.	2
3	1263	FRAXA.chrX.146993555.	2
4	1264	FRAXA.chrX.146993555.	2
5	1265	FRAXA.chrX.146993555.	2
6	1266	FRAXA.chrX.146993555.	2
7	1267	FRAXA.chrX.146993555.	2
8	1268	FRAXA.chrX.146993555.	2
9	1269	FRAXA.chrX.146993555.	2
10	1270	FRAXA.chrX.146993555.	2
1	1271	FRAXA.chrX.146993555.	5
2	1272	FRAXA.chrX.146993555.	5
3	1273	FRAXA.chrX.146993555.	5
4	1274	FRAXA.chrX.146993555.	5
5	1275	FRAXA.chrX.146993555.	5
6	1276	FRAXA.chrX.146993555.	5
7	1277	FRAXA.chrX.146993555.	5
8	1278	FRAXA.chrX.146993555.	5
9	1279	FRAXA.chrX.146993555.	5
10	1280	FRAXA.chrX.146993555.	5
1	1281	FRAXE.chrX.147582159	0.5
2	1282	FRAXE.chrX.147582159	0.5
3	1283	FRAXE.chrX.147582159	0.5
4	1284	FRAXE.chrX.147582159	0.5
5	1285	FRAXE.chrX.147582159	0.5
6	1286	FRAXE.chrX.147582159	0.5
7	1287	FRAXE.chrX.147582159	0.5
8	1288	FRAXE.chrX.147582159	0.5
9	1289	FRAXE.chrX.147582159	0.5
10	1290	FRAXE.chrX.147582159	0.5
1	1291	FRAXE.chrX.147582159	1
2	1292	FRAXE.chrX.147582159	1
3	1293	FRAXE.chrX.147582159	1
4	1294	FRAXE.chrX.147582159	1
5	1295	FRAXE.chrX.147582159	1
6	1296	FRAXE.chrX.147582159	1
7	1297	FRAXE.chrX.147582159	1
8	1298	FRAXE.chrX.147582159	1
9	1299	FRAXE.chrX.147582159	1
10	1300	FRAXE.chrX.147582159	1
1	1301	FRAXE.chrX.147582159	2
2	1302	FRAXE.chrX.147582159	2
3	1303	FRAXE.chrX.147582159	2
4	1304	FRAXE.chrX.147582159	2
5	1305	FRAXE.chrX.147582159	2
6	1306	FRAXE.chrX.147582159	2
7	1307	FRAXE.chrX.147582159	2
8	1308	FRAXE.chrX.147582159	2
9	1309	FRAXE.chrX.147582159	2
10	1310	FRAXE.chrX.147582159	2
1	1311	FRAXE.chrX.147582159	5
2	1312	FRAXE.chrX.147582159	5
3	1313	FRAXE.chrX.147582159	5
4	1314	FRAXE.chrX.147582159	5
5	1315	FRAXE.chrX.147582159	5
6	1316	FRAXE.chrX.147582159	5
7	1317	FRAXE.chrX.147582159	5
8	1318	FRAXE.chrX.147582159	5
9	1319	FRAXE.chrX.147582159	5
10	1320	FRAXE.chrX.147582159	5