1	1	FTDALS1.chr9.027573483.	0.5
2	2	FTDALS1.chr9.027573483.	0.5
3	3	FTDALS1.chr9.027573483.	0.5
4	4	FTDALS1.chr9.027573483.	0.5
5	5	FTDALS1.chr9.027573483.	0.5
6	6	FTDALS1.chr9.027573483.	0.5
7	7	FTDALS1.chr9.027573483.	0.5
8	8	FTDALS1.chr9.027573483.	0.5
9	9	FTDALS1.chr9.027573483.	0.5
10	10	FTDALS1.chr9.027573483.	0.5
1	41	HDL2.chr16.087637889.	0.5
2	42	HDL2.chr16.087637889.	0.5
3	43	HDL2.chr16.087637889.	0.5
4	44	HDL2.chr16.087637889.	0.5
5	45	HDL2.chr16.087637889.	0.5
6	46	HDL2.chr16.087637889.	0.5
7	47	HDL2.chr16.087637889.	0.5
8	48	HDL2.chr16.087637889.	0.5
9	49	HDL2.chr16.087637889.	0.5
10	50	HDL2.chr16.087637889.	0.5
1	81	SCA1.chr6.016327865.	0.5
2	82	SCA1.chr6.016327865.	0.5
3	83	SCA1.chr6.016327865.	0.5
4	84	SCA1.chr6.016327865.	0.5
5	85	SCA1.chr6.016327865.	0.5
6	86	SCA1.chr6.016327865.	0.5
7	87	SCA1.chr6.016327865.	0.5
8	88	SCA1.chr6.016327865.	0.5
9	89	SCA1.chr6.016327865.	0.5
10	90	SCA1.chr6.016327865.	0.5
1	121	SCA6.chr19.013318673.	0.5
2	122	SCA6.chr19.013318673.	0.5
3	123	SCA6.chr19.013318673.	0.5
4	124	SCA6.chr19.013318673.	0.5
5	125	SCA6.chr19.013318673.	0.5
6	126	SCA6.chr19.013318673.	0.5
7	127	SCA6.chr19.013318673.	0.5
8	128	SCA6.chr19.013318673.	0.5
9	129	SCA6.chr19.013318673.	0.5
10	130	SCA6.chr19.013318673.	0.5
1	161	SCA7.chr3.063898361.	0.5
2	162	SCA7.chr3.063898361.	0.5
3	163	SCA7.chr3.063898361.	0.5
4	164	SCA7.chr3.063898361.	0.5
5	165	SCA7.chr3.063898361.	0.5
6	166	SCA7.chr3.063898361.	0.5
7	167	SCA7.chr3.063898361.	0.5
8	168	SCA7.chr3.063898361.	0.5
9	169	SCA7.chr3.063898361.	0.5
10	170	SCA7.chr3.063898361.	0.5
1	201	SCA10.chr22.046191235.	0.5
2	202	SCA10.chr22.046191235.	0.5
3	203	SCA10.chr22.046191235.	0.5
4	204	SCA10.chr22.046191235.	0.5
5	205	SCA10.chr22.046191235.	0.5
6	206	SCA10.chr22.046191235.	0.5
7	207	SCA10.chr22.046191235.	0.5
8	208	SCA10.chr22.046191235.	0.5
9	209	SCA10.chr22.046191235.	0.5
10	210	SCA10.chr22.046191235.	0.5
1	241	SCA17.chr6.170870995.	0.5
2	242	SCA17.chr6.170870995.	0.5
3	243	SCA17.chr6.170870995.	0.5
4	244	SCA17.chr6.170870995.	0.5
5	245	SCA17.chr6.170870995.	0.5
6	246	SCA17.chr6.170870995.	0.5
7	247	SCA17.chr6.170870995.	0.5
8	248	SCA17.chr6.170870995.	0.5
9	249	SCA17.chr6.170870995.	0.5
10	250	SCA17.chr6.170870995.	0.5
1	281	SCA36.chr20.002633379.	0.5
2	282	SCA36.chr20.002633379.	0.5
3	283	SCA36.chr20.002633379.	0.5
4	284	SCA36.chr20.002633379.	0.5
5	285	SCA36.chr20.002633379.	0.5
6	286	SCA36.chr20.002633379.	0.5
7	287	SCA36.chr20.002633379.	0.5
8	288	SCA36.chr20.002633379.	0.5
9	289	SCA36.chr20.002633379.	0.5
10	290	SCA36.chr20.002633379.	0.5
1	321	FAME6.chr16.024624851.	0.5
2	322	FAME6.chr16.024624851.	0.5
3	323	FAME6.chr16.024624851.	0.5
4	324	FAME6.chr16.024624851.	0.5
5	325	FAME6.chr16.024624851.	0.5
6	326	FAME6.chr16.024624851.	0.5
7	327	FAME6.chr16.024624851.	0.5
8	328	FAME6.chr16.024624851.	0.5
9	329	FAME6.chr16.024624851.	0.5
10	330	FAME6.chr16.024624851.	0.5
1	361	CANVAS.chr4.039350045.	0.5
2	362	CANVAS.chr4.039350045.	0.5
3	363	CANVAS.chr4.039350045.	0.5
4	364	CANVAS.chr4.039350045.	0.5
5	365	CANVAS.chr4.039350045.	0.5
6	366	CANVAS.chr4.039350045.	0.5
7	367	CANVAS.chr4.039350045.	0.5
8	368	CANVAS.chr4.039350045.	0.5
9	369	CANVAS.chr4.039350045.	0.5
10	370	CANVAS.chr4.039350045.	0.5
1	401	FAME1.chr8.119379052.	0.5
2	402	FAME1.chr8.119379052.	0.5
3	403	FAME1.chr8.119379052.	0.5
4	404	FAME1.chr8.119379052.	0.5
5	405	FAME1.chr8.119379052.	0.5
6	406	FAME1.chr8.119379052.	0.5
7	407	FAME1.chr8.119379052.	0.5
8	408	FAME1.chr8.119379052.	0.5
9	409	FAME1.chr8.119379052.	0.5
10	410	FAME1.chr8.119379052.	0.5
1	441	FAME2.chr2.096862805.	0.5
2	442	FAME2.chr2.096862805.	0.5
3	443	FAME2.chr2.096862805.	0.5
4	444	FAME2.chr2.096862805.	0.5
5	445	FAME2.chr2.096862805.	0.5
6	446	FAME2.chr2.096862805.	0.5
7	447	FAME2.chr2.096862805.	0.5
8	448	FAME2.chr2.096862805.	0.5
9	449	FAME2.chr2.096862805.	0.5
10	450	FAME2.chr2.096862805.	0.5
1	481	FAME3.chr5.010356520.	0.5
2	482	FAME3.chr5.010356520.	0.5
3	483	FAME3.chr5.010356520.	0.5
4	484	FAME3.chr5.010356520.	0.5
5	485	FAME3.chr5.010356520.	0.5
6	486	FAME3.chr5.010356520.	0.5
7	487	FAME3.chr5.010356520.	0.5
8	488	FAME3.chr5.010356520.	0.5
9	489	FAME3.chr5.010356520.	0.5
10	490	FAME3.chr5.010356520.	0.5
1	521	FAME4.chr3.183430011.	0.5
2	522	FAME4.chr3.183430011.	0.5
3	523	FAME4.chr3.183430011.	0.5
4	524	FAME4.chr3.183430011.	0.5
5	525	FAME4.chr3.183430011.	0.5
6	526	FAME4.chr3.183430011.	0.5
7	527	FAME4.chr3.183430011.	0.5
8	528	FAME4.chr3.183430011.	0.5
9	529	FAME4.chr3.183430011.	0.5
10	530	FAME4.chr3.183430011.	0.5
1	561	FAME7.chr4.160263769.	0.5
2	562	FAME7.chr4.160263769.	0.5
3	563	FAME7.chr4.160263769.	0.5
4	564	FAME7.chr4.160263769.	0.5
5	565	FAME7.chr4.160263769.	0.5
6	566	FAME7.chr4.160263769.	0.5
7	567	FAME7.chr4.160263769.	0.5
8	568	FAME7.chr4.160263769.	0.5
9	569	FAME7.chr4.160263769.	0.5
10	570	FAME7.chr4.160263769.	0.5
1	601	HD.chr4.003076604.	0.5
2	602	HD.chr4.003076604.	0.5
3	603	HD.chr4.003076604.	0.5
4	604	HD.chr4.003076604.	0.5
5	605	HD.chr4.003076604.	0.5
6	606	HD.chr4.003076604.	0.5
7	607	HD.chr4.003076604.	0.5
8	608	HD.chr4.003076604.	0.5
9	609	HD.chr4.003076604.	0.5
10	610	HD.chr4.003076604.	0.5
1	641	FECD3.chr18.053253385.	0.5
2	642	FECD3.chr18.053253385.	0.5
3	643	FECD3.chr18.053253385.	0.5
4	644	FECD3.chr18.053253385.	0.5
5	645	FECD3.chr18.053253385.	0.5
6	646	FECD3.chr18.053253385.	0.5
7	647	FECD3.chr18.053253385.	0.5
8	648	FECD3.chr18.053253385.	0.5
9	649	FECD3.chr18.053253385.	0.5
10	650	FECD3.chr18.053253385.	0.5
1	681	DM1.chr19.046273463.	0.5
2	682	DM1.chr19.046273463.	0.5
3	683	DM1.chr19.046273463.	0.5
4	684	DM1.chr19.046273463.	0.5
5	685	DM1.chr19.046273463.	0.5
6	686	DM1.chr19.046273463.	0.5
7	687	DM1.chr19.046273463.	0.5
8	688	DM1.chr19.046273463.	0.5
9	689	DM1.chr19.046273463.	0.5
10	690	DM1.chr19.046273463.	0.5
1	721	DM2.chr3.128891420.	0.5
2	722	DM2.chr3.128891420.	0.5
3	723	DM2.chr3.128891420.	0.5
4	724	DM2.chr3.128891420.	0.5
5	725	DM2.chr3.128891420.	0.5
6	726	DM2.chr3.128891420.	0.5
7	727	DM2.chr3.128891420.	0.5
8	728	DM2.chr3.128891420.	0.5
9	729	DM2.chr3.128891420.	0.5
10	730	DM2.chr3.128891420.	0.5
1	761	FRDA.chr9.071652201.	0.5
2	762	FRDA.chr9.071652201.	0.5
3	763	FRDA.chr9.071652201.	0.5
4	764	FRDA.chr9.071652201.	0.5
5	765	FRDA.chr9.071652201.	0.5
6	766	FRDA.chr9.071652201.	0.5
7	767	FRDA.chr9.071652201.	0.5
8	768	FRDA.chr9.071652201.	0.5
9	769	FRDA.chr9.071652201.	0.5
10	770	FRDA.chr9.071652201.	0.5
1	801	DRPLA.chr12.007045880.	0.5
2	802	DRPLA.chr12.007045880.	0.5
3	803	DRPLA.chr12.007045880.	0.5
4	804	DRPLA.chr12.007045880.	0.5
5	805	DRPLA.chr12.007045880.	0.5
6	806	DRPLA.chr12.007045880.	0.5
7	807	DRPLA.chr12.007045880.	0.5
8	808	DRPLA.chr12.007045880.	0.5
9	809	DRPLA.chr12.007045880.	0.5
10	810	DRPLA.chr12.007045880.	0.5
1	841	EPM1.chr21.045196324.	0.5
2	842	EPM1.chr21.045196324.	0.5
3	843	EPM1.chr21.045196324.	0.5
4	844	EPM1.chr21.045196324.	0.5
5	845	EPM1.chr21.045196324.	0.5
6	846	EPM1.chr21.045196324.	0.5
7	847	EPM1.chr21.045196324.	0.5
8	848	EPM1.chr21.045196324.	0.5
9	849	EPM1.chr21.045196324.	0.5
10	850	EPM1.chr21.045196324.	0.5
1	881	SCA2.chr12.112036754.	0.5
2	882	SCA2.chr12.112036754.	0.5
3	883	SCA2.chr12.112036754.	0.5
4	884	SCA2.chr12.112036754.	0.5
5	885	SCA2.chr12.112036754.	0.5
6	886	SCA2.chr12.112036754.	0.5
7	887	SCA2.chr12.112036754.	0.5
8	888	SCA2.chr12.112036754.	0.5
9	889	SCA2.chr12.112036754.	0.5
10	890	SCA2.chr12.112036754.	0.5
1	921	SCA3.chr14.092537355.	0.5
2	922	SCA3.chr14.092537355.	0.5
3	923	SCA3.chr14.092537355.	0.5
4	924	SCA3.chr14.092537355.	0.5
5	925	SCA3.chr14.092537355.	0.5
6	926	SCA3.chr14.092537355.	0.5
7	927	SCA3.chr14.092537355.	0.5
8	928	SCA3.chr14.092537355.	0.5
9	929	SCA3.chr14.092537355.	0.5
10	930	SCA3.chr14.092537355.	0.5
1	961	SCA12.chr5.146258291.	0.5
2	962	SCA12.chr5.146258291.	0.5
3	963	SCA12.chr5.146258291.	0.5
4	964	SCA12.chr5.146258291.	0.5
5	965	SCA12.chr5.146258291.	0.5
6	966	SCA12.chr5.146258291.	0.5
7	967	SCA12.chr5.146258291.	0.5
8	968	SCA12.chr5.146258291.	0.5
9	969	SCA12.chr5.146258291.	0.5
10	970	SCA12.chr5.146258291.	0.5
1	1001	SCA31.chr16.066524302.	0.5
2	1002	SCA31.chr16.066524302.	0.5
3	1003	SCA31.chr16.066524302.	0.5
4	1004	SCA31.chr16.066524302.	0.5
5	1005	SCA31.chr16.066524302.	0.5
6	1006	SCA31.chr16.066524302.	0.5
7	1007	SCA31.chr16.066524302.	0.5
8	1008	SCA31.chr16.066524302.	0.5
9	1009	SCA31.chr16.066524302.	0.5
10	1010	SCA31.chr16.066524302.	0.5
1	1041	SCA37.chr1.057832716.	0.5
2	1042	SCA37.chr1.057832716.	0.5
3	1043	SCA37.chr1.057832716.	0.5
4	1044	SCA37.chr1.057832716.	0.5
5	1045	SCA37.chr1.057832716.	0.5
6	1046	SCA37.chr1.057832716.	0.5
7	1047	SCA37.chr1.057832716.	0.5
8	1048	SCA37.chr1.057832716.	0.5
9	1049	SCA37.chr1.057832716.	0.5
10	1050	SCA37.chr1.057832716.	0.5
1	1081	SCA8.chr13.070713516.	0.5
2	1082	SCA8.chr13.070713516.	0.5
3	1083	SCA8.chr13.070713516.	0.5
4	1084	SCA8.chr13.070713516.	0.5
5	1085	SCA8.chr13.070713516.	0.5
6	1086	SCA8.chr13.070713516.	0.5
7	1087	SCA8.chr13.070713516.	0.5
8	1088	SCA8.chr13.070713516.	0.5
9	1089	SCA8.chr13.070713516.	0.5
10	1090	SCA8.chr13.070713516.	0.5
1	1121	GDPAG.chr2.191745599.	0.5
2	1122	GDPAG.chr2.191745599.	0.5
3	1123	GDPAG.chr2.191745599.	0.5
4	1124	GDPAG.chr2.191745599.	0.5
5	1125	GDPAG.chr2.191745599.	0.5
6	1126	GDPAG.chr2.191745599.	0.5
7	1127	GDPAG.chr2.191745599.	0.5
8	1128	GDPAG.chr2.191745599.	0.5
9	1129	GDPAG.chr2.191745599.	0.5
10	1130	GDPAG.chr2.191745599.	0.5
1	1161	SCN1B.chr19.035524558	0.5
2	1162	SCN1B.chr19.035524558	0.5
3	1163	SCN1B.chr19.035524558	0.5
4	1164	SCN1B.chr19.035524558	0.5
5	1165	SCN1B.chr19.035524558	0.5
6	1166	SCN1B.chr19.035524558	0.5
7	1167	SCN1B.chr19.035524558	0.5
8	1168	SCN1B.chr19.035524558	0.5
9	1169	SCN1B.chr19.035524558	0.5
10	1170	SCN1B.chr19.035524558	0.5
1	1201	SBMA.chrX.066765159.	0.5
2	1202	SBMA.chrX.066765159.	0.5
3	1203	SBMA.chrX.066765159.	0.5
4	1204	SBMA.chrX.066765159.	0.5
5	1205	SBMA.chrX.066765159.	0.5
6	1206	SBMA.chrX.066765159.	0.5
7	1207	SBMA.chrX.066765159.	0.5
8	1208	SBMA.chrX.066765159.	0.5
9	1209	SBMA.chrX.066765159.	0.5
10	1210	SBMA.chrX.066765159.	0.5
1	1241	FRAXA.chrX.146993555.	0.5
2	1242	FRAXA.chrX.146993555.	0.5
3	1243	FRAXA.chrX.146993555.	0.5
4	1244	FRAXA.chrX.146993555.	0.5
5	1245	FRAXA.chrX.146993555.	0.5
6	1246	FRAXA.chrX.146993555.	0.5
7	1247	FRAXA.chrX.146993555.	0.5
8	1248	FRAXA.chrX.146993555.	0.5
9	1249	FRAXA.chrX.146993555.	0.5
10	1250	FRAXA.chrX.146993555.	0.5
1	1281	FRAXE.chrX.147582159	0.5
2	1282	FRAXE.chrX.147582159	0.5
3	1283	FRAXE.chrX.147582159	0.5
4	1284	FRAXE.chrX.147582159	0.5
5	1285	FRAXE.chrX.147582159	0.5
6	1286	FRAXE.chrX.147582159	0.5
7	1287	FRAXE.chrX.147582159	0.5
8	1288	FRAXE.chrX.147582159	0.5
9	1289	FRAXE.chrX.147582159	0.5
10	1290	FRAXE.chrX.147582159	0.5